{
 "cells": [
  {
   "cell_type": "markdown",
   "id": "203b1192",
   "metadata": {},
   "source": [
    "## Variance Inflation Factor Feature Selection"
   ]
  },
  {
   "cell_type": "markdown",
   "id": "3d6fcba8",
   "metadata": {},
   "source": [
    "When independent variables in a model are not correlated with each other, it's pretty straightforward to understand their relationship with the dependent variable. We can simply look at the size and direction of their coefficients.\n",
    "\n",
    "However, when independent variables are correlated with each other, it becomes more complicated. The relationship between an independent variable and the dependent variable is influenced not only by their direct relationship but also by the relationships that variable has with other independent variables.\n",
    "\n",
    "In order to invert a matrix, it must have a determinant that is not equal to zero. If the determinant is zero, it means that the elements of the matrix are linearly dependent, and we can't divide by zero during the inversion process.\n",
    "\n",
    "Multicollinearity is a situation where there is redundant information in the design matrix, meaning that some columns of the matrix can be expressed as a combination of other columns. This redundancy is another form of linear dependence.\n",
    "\n",
    "However, multicollinearity doesn't necessarily mean that the variables are exactly linearly dependent. It could be that they are just very highly correlated, with a correlation of 0.90 or more, for example. In this case, the determinant of the matrix might not be exactly zero, but it could be very close to zero, which can still cause problems in the analysis.\n",
    "\n",
    "The determinate for matrix $A$ is found by; \n",
    "\n",
    "If $A$ is \n",
    "  $\\begin{bmatrix}\n",
    "    a & b \\\\\n",
    "    c & d \n",
    "  \\end{bmatrix}$ then the determinate is $ad — bc$ \n",
    "\n",
    "And inversion of a matrix is; \n",
    "\n",
    "$ X^{-1} = \\frac{1}{ad-bc} \\begin{bmatrix}d & -b \\\\-c & a \\end{bmatrix}$\n",
    "\n",
    "\n",
    "So if $ad-bc$ is close to 0 because of linear dependence (or close approximate to it), then the multiplication of the fraction with a very small denominator to an large number in the matrix will produce a large number because division by small number of large number make very large numbers. And this is the unstable part that messes things up later.\n",
    "\n",
    "The inverse of the correlation matrix, also known as the variance inflation factor (VIF), can provide insights into multicollinearity in your data. Multicollinearity refers to a situation in which two or more predictor variables in a multiple regression model are highly correlated. \n",
    "\n",
    "In the context of multicollinearity, the diagonal elements of the inverse of the correlation matrix are of particular interest. These diagonal elements are the variance inflation factors (VIFs) for each predictor variable in a multiple regression. \n",
    "\n",
    "The VIF for a predictor variable quantifies how much the variance of the estimated regression coefficient for that variable is increased due to multicollinearity. In other words, it measures how much the variance of the model would be inflated if that predictor variable is included in the model. \n",
    "\n",
    "If the VIF is 1, there is no correlation among the kth predictor and the other predictors, and hence the variance of the estimated coefficients is not inflated at all. As the VIF increases, it indicates higher levels of correlation and hence higher levels of multicollinearity. \n",
    "\n",
    "A common rule of thumb is that if a VIF is greater than 5 (or sometimes 10), then the multicollinearity is high. In this case, you might consider dropping the variable from the model, combining it with another variable, or using techniques like ridge regression or principal component analysis that can handle multicollinearity. "
   ]
  },
  {
   "cell_type": "code",
   "execution_count": 1,
   "id": "fa6e230c",
   "metadata": {},
   "outputs": [],
   "source": [
    "import pandas as pd\n",
    "import numpy as np\n",
    "from statsmodels.stats.outliers_influence import variance_inflation_factor\n",
    "from sklearn.datasets import make_regression\n",
    "\n",
    "import statsmodels.api as sm\n",
    "from statsmodels.stats.outliers_influence import variance_inflation_factor\n",
    "\n",
    "import warnings\n",
    "warnings.filterwarnings(\"ignore\")"
   ]
  },
  {
   "cell_type": "code",
   "execution_count": 33,
   "id": "c2191eee",
   "metadata": {},
   "outputs": [
    {
     "data": {
      "text/html": [
       "<div>\n",
       "<style scoped>\n",
       "    .dataframe tbody tr th:only-of-type {\n",
       "        vertical-align: middle;\n",
       "    }\n",
       "\n",
       "    .dataframe tbody tr th {\n",
       "        vertical-align: top;\n",
       "    }\n",
       "\n",
       "    .dataframe thead th {\n",
       "        text-align: right;\n",
       "    }\n",
       "</style>\n",
       "<table border=\"1\" class=\"dataframe\">\n",
       "  <thead>\n",
       "    <tr style=\"text-align: right;\">\n",
       "      <th></th>\n",
       "      <th>0</th>\n",
       "      <th>1</th>\n",
       "      <th>2</th>\n",
       "      <th>3</th>\n",
       "      <th>4</th>\n",
       "      <th>5</th>\n",
       "      <th>6</th>\n",
       "      <th>Y</th>\n",
       "    </tr>\n",
       "  </thead>\n",
       "  <tbody>\n",
       "    <tr>\n",
       "      <th>0</th>\n",
       "      <td>2.154846</td>\n",
       "      <td>1.025984</td>\n",
       "      <td>0.000366</td>\n",
       "      <td>-1.136645</td>\n",
       "      <td>-0.156598</td>\n",
       "      <td>0.649826</td>\n",
       "      <td>-0.031579</td>\n",
       "      <td>18.688373</td>\n",
       "    </tr>\n",
       "    <tr>\n",
       "      <th>1</th>\n",
       "      <td>-0.741790</td>\n",
       "      <td>1.035125</td>\n",
       "      <td>0.681209</td>\n",
       "      <td>0.230336</td>\n",
       "      <td>-0.031160</td>\n",
       "      <td>-1.005187</td>\n",
       "      <td>1.939932</td>\n",
       "      <td>152.496034</td>\n",
       "    </tr>\n",
       "    <tr>\n",
       "      <th>2</th>\n",
       "      <td>0.302665</td>\n",
       "      <td>0.190794</td>\n",
       "      <td>0.955057</td>\n",
       "      <td>-0.933237</td>\n",
       "      <td>1.978757</td>\n",
       "      <td>0.683509</td>\n",
       "      <td>2.605967</td>\n",
       "      <td>394.150781</td>\n",
       "    </tr>\n",
       "    <tr>\n",
       "      <th>3</th>\n",
       "      <td>0.184502</td>\n",
       "      <td>-1.159119</td>\n",
       "      <td>-1.706086</td>\n",
       "      <td>1.693723</td>\n",
       "      <td>-0.134841</td>\n",
       "      <td>0.166905</td>\n",
       "      <td>0.390528</td>\n",
       "      <td>-132.350866</td>\n",
       "    </tr>\n",
       "    <tr>\n",
       "      <th>4</th>\n",
       "      <td>0.196800</td>\n",
       "      <td>1.901755</td>\n",
       "      <td>-0.116773</td>\n",
       "      <td>0.484752</td>\n",
       "      <td>0.238127</td>\n",
       "      <td>-0.993263</td>\n",
       "      <td>1.996652</td>\n",
       "      <td>110.151348</td>\n",
       "    </tr>\n",
       "  </tbody>\n",
       "</table>\n",
       "</div>"
      ],
      "text/plain": [
       "          0         1         2         3         4         5         6  \\\n",
       "0  2.154846  1.025984  0.000366 -1.136645 -0.156598  0.649826 -0.031579   \n",
       "1 -0.741790  1.035125  0.681209  0.230336 -0.031160 -1.005187  1.939932   \n",
       "2  0.302665  0.190794  0.955057 -0.933237  1.978757  0.683509  2.605967   \n",
       "3  0.184502 -1.159119 -1.706086  1.693723 -0.134841  0.166905  0.390528   \n",
       "4  0.196800  1.901755 -0.116773  0.484752  0.238127 -0.993263  1.996652   \n",
       "\n",
       "            Y  \n",
       "0   18.688373  \n",
       "1  152.496034  \n",
       "2  394.150781  \n",
       "3 -132.350866  \n",
       "4  110.151348  "
      ]
     },
     "execution_count": 33,
     "metadata": {},
     "output_type": "execute_result"
    }
   ],
   "source": [
    "# make classification data with binary target values\n",
    "data = make_regression(\n",
    "    n_features = 7, \n",
    "    n_samples = 10, \n",
    "    random_state = 101)\n",
    "\n",
    "# make a dataframe to improve readability\n",
    "df = pd.DataFrame(data[0])\n",
    "\n",
    "# add the targets\n",
    "df['Y'] = data[1]\n",
    "\n",
    "# inspect the results\n",
    "df.head()\n"
   ]
  },
  {
   "cell_type": "code",
   "execution_count": 34,
   "id": "0f90a71c",
   "metadata": {},
   "outputs": [],
   "source": [
    "# collect independent variables\n",
    "numeric_indpendent_variables = df.select_dtypes(include = np.number)\n",
    "\n",
    "# drop the dependent variable\n",
    "numeric_indpendent_variables = numeric_indpendent_variables.drop(['Y'],axis = 1)\n",
    "\n",
    "# correlation matrix\n",
    "numeric_indpendent_variables_cor = numeric_indpendent_variables.corr()"
   ]
  },
  {
   "cell_type": "code",
   "execution_count": 35,
   "id": "999e2986",
   "metadata": {},
   "outputs": [
    {
     "data": {
      "text/html": [
       "<div>\n",
       "<style scoped>\n",
       "    .dataframe tbody tr th:only-of-type {\n",
       "        vertical-align: middle;\n",
       "    }\n",
       "\n",
       "    .dataframe tbody tr th {\n",
       "        vertical-align: top;\n",
       "    }\n",
       "\n",
       "    .dataframe thead th {\n",
       "        text-align: right;\n",
       "    }\n",
       "</style>\n",
       "<table border=\"1\" class=\"dataframe\">\n",
       "  <thead>\n",
       "    <tr style=\"text-align: right;\">\n",
       "      <th></th>\n",
       "      <th>0</th>\n",
       "      <th>1</th>\n",
       "      <th>2</th>\n",
       "      <th>3</th>\n",
       "      <th>4</th>\n",
       "      <th>5</th>\n",
       "      <th>6</th>\n",
       "    </tr>\n",
       "  </thead>\n",
       "  <tbody>\n",
       "    <tr>\n",
       "      <th>0</th>\n",
       "      <td>1.000000</td>\n",
       "      <td>-0.031308</td>\n",
       "      <td>-0.103204</td>\n",
       "      <td>-0.573130</td>\n",
       "      <td>-0.180697</td>\n",
       "      <td>0.331469</td>\n",
       "      <td>-0.063475</td>\n",
       "    </tr>\n",
       "    <tr>\n",
       "      <th>1</th>\n",
       "      <td>-0.031308</td>\n",
       "      <td>1.000000</td>\n",
       "      <td>0.006235</td>\n",
       "      <td>0.127747</td>\n",
       "      <td>-0.075287</td>\n",
       "      <td>-0.706634</td>\n",
       "      <td>0.286777</td>\n",
       "    </tr>\n",
       "    <tr>\n",
       "      <th>2</th>\n",
       "      <td>-0.103204</td>\n",
       "      <td>0.006235</td>\n",
       "      <td>1.000000</td>\n",
       "      <td>-0.320236</td>\n",
       "      <td>0.381105</td>\n",
       "      <td>0.262267</td>\n",
       "      <td>0.467901</td>\n",
       "    </tr>\n",
       "    <tr>\n",
       "      <th>3</th>\n",
       "      <td>-0.573130</td>\n",
       "      <td>0.127747</td>\n",
       "      <td>-0.320236</td>\n",
       "      <td>1.000000</td>\n",
       "      <td>-0.239777</td>\n",
       "      <td>-0.543723</td>\n",
       "      <td>-0.095698</td>\n",
       "    </tr>\n",
       "    <tr>\n",
       "      <th>4</th>\n",
       "      <td>-0.180697</td>\n",
       "      <td>-0.075287</td>\n",
       "      <td>0.381105</td>\n",
       "      <td>-0.239777</td>\n",
       "      <td>1.000000</td>\n",
       "      <td>0.295560</td>\n",
       "      <td>0.463724</td>\n",
       "    </tr>\n",
       "    <tr>\n",
       "      <th>5</th>\n",
       "      <td>0.331469</td>\n",
       "      <td>-0.706634</td>\n",
       "      <td>0.262267</td>\n",
       "      <td>-0.543723</td>\n",
       "      <td>0.295560</td>\n",
       "      <td>1.000000</td>\n",
       "      <td>-0.234564</td>\n",
       "    </tr>\n",
       "    <tr>\n",
       "      <th>6</th>\n",
       "      <td>-0.063475</td>\n",
       "      <td>0.286777</td>\n",
       "      <td>0.467901</td>\n",
       "      <td>-0.095698</td>\n",
       "      <td>0.463724</td>\n",
       "      <td>-0.234564</td>\n",
       "      <td>1.000000</td>\n",
       "    </tr>\n",
       "  </tbody>\n",
       "</table>\n",
       "</div>"
      ],
      "text/plain": [
       "          0         1         2         3         4         5         6\n",
       "0  1.000000 -0.031308 -0.103204 -0.573130 -0.180697  0.331469 -0.063475\n",
       "1 -0.031308  1.000000  0.006235  0.127747 -0.075287 -0.706634  0.286777\n",
       "2 -0.103204  0.006235  1.000000 -0.320236  0.381105  0.262267  0.467901\n",
       "3 -0.573130  0.127747 -0.320236  1.000000 -0.239777 -0.543723 -0.095698\n",
       "4 -0.180697 -0.075287  0.381105 -0.239777  1.000000  0.295560  0.463724\n",
       "5  0.331469 -0.706634  0.262267 -0.543723  0.295560  1.000000 -0.234564\n",
       "6 -0.063475  0.286777  0.467901 -0.095698  0.463724 -0.234564  1.000000"
      ]
     },
     "execution_count": 35,
     "metadata": {},
     "output_type": "execute_result"
    }
   ],
   "source": [
    "numeric_indpendent_variables_cor "
   ]
  },
  {
   "cell_type": "code",
   "execution_count": 36,
   "id": "daa91400",
   "metadata": {},
   "outputs": [
    {
     "data": {
      "text/html": [
       "<div>\n",
       "<style scoped>\n",
       "    .dataframe tbody tr th:only-of-type {\n",
       "        vertical-align: middle;\n",
       "    }\n",
       "\n",
       "    .dataframe tbody tr th {\n",
       "        vertical-align: top;\n",
       "    }\n",
       "\n",
       "    .dataframe thead th {\n",
       "        text-align: right;\n",
       "    }\n",
       "</style>\n",
       "<table border=\"1\" class=\"dataframe\">\n",
       "  <thead>\n",
       "    <tr style=\"text-align: right;\">\n",
       "      <th></th>\n",
       "      <th>0</th>\n",
       "      <th>1</th>\n",
       "      <th>2</th>\n",
       "      <th>3</th>\n",
       "      <th>4</th>\n",
       "      <th>5</th>\n",
       "      <th>6</th>\n",
       "    </tr>\n",
       "  </thead>\n",
       "  <tbody>\n",
       "    <tr>\n",
       "      <th>0</th>\n",
       "      <td>2.401268</td>\n",
       "      <td>-0.871531</td>\n",
       "      <td>1.004592</td>\n",
       "      <td>1.130929</td>\n",
       "      <td>1.123348</td>\n",
       "      <td>-1.592689</td>\n",
       "      <td>-0.853978</td>\n",
       "    </tr>\n",
       "    <tr>\n",
       "      <th>1</th>\n",
       "      <td>-0.871531</td>\n",
       "      <td>2.966811</td>\n",
       "      <td>-0.802841</td>\n",
       "      <td>0.506185</td>\n",
       "      <td>-0.757160</td>\n",
       "      <td>3.242603</td>\n",
       "      <td>0.629670</td>\n",
       "    </tr>\n",
       "    <tr>\n",
       "      <th>2</th>\n",
       "      <td>1.004592</td>\n",
       "      <td>-0.802841</td>\n",
       "      <td>2.079420</td>\n",
       "      <td>0.451214</td>\n",
       "      <td>0.504980</td>\n",
       "      <td>-1.644105</td>\n",
       "      <td>-1.255600</td>\n",
       "    </tr>\n",
       "    <tr>\n",
       "      <th>3</th>\n",
       "      <td>1.130929</td>\n",
       "      <td>0.506185</td>\n",
       "      <td>0.451214</td>\n",
       "      <td>2.403352</td>\n",
       "      <td>0.288215</td>\n",
       "      <td>1.102583</td>\n",
       "      <td>0.070471</td>\n",
       "    </tr>\n",
       "    <tr>\n",
       "      <th>4</th>\n",
       "      <td>1.123348</td>\n",
       "      <td>-0.757160</td>\n",
       "      <td>0.504980</td>\n",
       "      <td>0.288215</td>\n",
       "      <td>2.215063</td>\n",
       "      <td>-1.862515</td>\n",
       "      <td>-1.384316</td>\n",
       "    </tr>\n",
       "    <tr>\n",
       "      <th>5</th>\n",
       "      <td>-1.592689</td>\n",
       "      <td>3.242603</td>\n",
       "      <td>-1.644105</td>\n",
       "      <td>1.102583</td>\n",
       "      <td>-1.862515</td>\n",
       "      <td>5.890488</td>\n",
       "      <td>2.089186</td>\n",
       "    </tr>\n",
       "    <tr>\n",
       "      <th>6</th>\n",
       "      <td>-0.853978</td>\n",
       "      <td>0.629670</td>\n",
       "      <td>-1.255600</td>\n",
       "      <td>0.070471</td>\n",
       "      <td>-1.384316</td>\n",
       "      <td>2.089186</td>\n",
       "      <td>2.491448</td>\n",
       "    </tr>\n",
       "  </tbody>\n",
       "</table>\n",
       "</div>"
      ],
      "text/plain": [
       "          0         1         2         3         4         5         6\n",
       "0  2.401268 -0.871531  1.004592  1.130929  1.123348 -1.592689 -0.853978\n",
       "1 -0.871531  2.966811 -0.802841  0.506185 -0.757160  3.242603  0.629670\n",
       "2  1.004592 -0.802841  2.079420  0.451214  0.504980 -1.644105 -1.255600\n",
       "3  1.130929  0.506185  0.451214  2.403352  0.288215  1.102583  0.070471\n",
       "4  1.123348 -0.757160  0.504980  0.288215  2.215063 -1.862515 -1.384316\n",
       "5 -1.592689  3.242603 -1.644105  1.102583 -1.862515  5.890488  2.089186\n",
       "6 -0.853978  0.629670 -1.255600  0.070471 -1.384316  2.089186  2.491448"
      ]
     },
     "execution_count": 36,
     "metadata": {},
     "output_type": "execute_result"
    }
   ],
   "source": [
    "# get results in the diagonal elements of this matrix\n",
    "pd.DataFrame(np.linalg.inv(numeric_indpendent_variables_cor.values), \n",
    "             index = numeric_indpendent_variables_cor.index, \n",
    "             columns=numeric_indpendent_variables_cor.columns)"
   ]
  },
  {
   "cell_type": "code",
   "execution_count": 37,
   "id": "b4bcdc55",
   "metadata": {},
   "outputs": [
    {
     "data": {
      "text/plain": [
       "0    2.401268\n",
       "1    2.966811\n",
       "2    2.079420\n",
       "3    2.403352\n",
       "4    2.215063\n",
       "5    5.890488\n",
       "6    2.491448\n",
       "dtype: float64"
      ]
     },
     "execution_count": 37,
     "metadata": {},
     "output_type": "execute_result"
    }
   ],
   "source": [
    "# get results as series\n",
    "vifs = pd.Series(np.linalg.inv(numeric_indpendent_variables_cor.values).diagonal(), \n",
    "                 index=numeric_indpendent_variables_cor.index)\n",
    "\n",
    "vifs"
   ]
  },
  {
   "cell_type": "code",
   "execution_count": 38,
   "id": "36858c3f",
   "metadata": {},
   "outputs": [],
   "source": [
    "def iterative_remove_VIF(df):\n",
    "    while True:\n",
    "        # Step 1: Compute the correlation matrix\n",
    "        correlation_matrix = df.corr()\n",
    "        \n",
    "        # Step 2: Compute the inverse of the correlation matrix\n",
    "        try:\n",
    "            inv_corr_matrix = np.linalg.inv(correlation_matrix)\n",
    "        except np.linalg.LinAlgError:\n",
    "            # Matrix is not invertible\n",
    "            print(\"The correlation matrix is not invertible.\")\n",
    "            break\n",
    "\n",
    "        # Step 3: Collect the diagonal elements of the inversed matrix\n",
    "        inv_corr_diag = np.diag(inv_corr_matrix)\n",
    "\n",
    "        # Step 4: Remove the highest value if it's greater than 5\n",
    "        max_val_index = np.argmax(inv_corr_diag)\n",
    "        max_val = inv_corr_diag[max_val_index]\n",
    "        \n",
    "        if max_val > 5:\n",
    "            df = df.drop(df.columns[max_val_index], axis=1)\n",
    "        else:\n",
    "            # No more values greater than 5\n",
    "            break\n",
    "\n",
    "    return df"
   ]
  },
  {
   "cell_type": "code",
   "execution_count": 39,
   "id": "b58fcdf9",
   "metadata": {},
   "outputs": [
    {
     "data": {
      "text/html": [
       "<div>\n",
       "<style scoped>\n",
       "    .dataframe tbody tr th:only-of-type {\n",
       "        vertical-align: middle;\n",
       "    }\n",
       "\n",
       "    .dataframe tbody tr th {\n",
       "        vertical-align: top;\n",
       "    }\n",
       "\n",
       "    .dataframe thead th {\n",
       "        text-align: right;\n",
       "    }\n",
       "</style>\n",
       "<table border=\"1\" class=\"dataframe\">\n",
       "  <thead>\n",
       "    <tr style=\"text-align: right;\">\n",
       "      <th></th>\n",
       "      <th>0</th>\n",
       "      <th>1</th>\n",
       "      <th>2</th>\n",
       "      <th>3</th>\n",
       "      <th>4</th>\n",
       "      <th>6</th>\n",
       "    </tr>\n",
       "  </thead>\n",
       "  <tbody>\n",
       "    <tr>\n",
       "      <th>0</th>\n",
       "      <td>2.154846</td>\n",
       "      <td>1.025984</td>\n",
       "      <td>0.000366</td>\n",
       "      <td>-1.136645</td>\n",
       "      <td>-0.156598</td>\n",
       "      <td>-0.031579</td>\n",
       "    </tr>\n",
       "    <tr>\n",
       "      <th>1</th>\n",
       "      <td>-0.741790</td>\n",
       "      <td>1.035125</td>\n",
       "      <td>0.681209</td>\n",
       "      <td>0.230336</td>\n",
       "      <td>-0.031160</td>\n",
       "      <td>1.939932</td>\n",
       "    </tr>\n",
       "    <tr>\n",
       "      <th>2</th>\n",
       "      <td>0.302665</td>\n",
       "      <td>0.190794</td>\n",
       "      <td>0.955057</td>\n",
       "      <td>-0.933237</td>\n",
       "      <td>1.978757</td>\n",
       "      <td>2.605967</td>\n",
       "    </tr>\n",
       "    <tr>\n",
       "      <th>3</th>\n",
       "      <td>0.184502</td>\n",
       "      <td>-1.159119</td>\n",
       "      <td>-1.706086</td>\n",
       "      <td>1.693723</td>\n",
       "      <td>-0.134841</td>\n",
       "      <td>0.390528</td>\n",
       "    </tr>\n",
       "    <tr>\n",
       "      <th>4</th>\n",
       "      <td>0.196800</td>\n",
       "      <td>1.901755</td>\n",
       "      <td>-0.116773</td>\n",
       "      <td>0.484752</td>\n",
       "      <td>0.238127</td>\n",
       "      <td>1.996652</td>\n",
       "    </tr>\n",
       "    <tr>\n",
       "      <th>5</th>\n",
       "      <td>1.024810</td>\n",
       "      <td>-0.346419</td>\n",
       "      <td>-0.755325</td>\n",
       "      <td>-0.610259</td>\n",
       "      <td>0.147027</td>\n",
       "      <td>-0.479448</td>\n",
       "    </tr>\n",
       "    <tr>\n",
       "      <th>6</th>\n",
       "      <td>-0.848077</td>\n",
       "      <td>0.907969</td>\n",
       "      <td>0.628133</td>\n",
       "      <td>2.706850</td>\n",
       "      <td>0.503826</td>\n",
       "      <td>0.651118</td>\n",
       "    </tr>\n",
       "    <tr>\n",
       "      <th>7</th>\n",
       "      <td>-0.943406</td>\n",
       "      <td>0.638787</td>\n",
       "      <td>0.072960</td>\n",
       "      <td>0.807706</td>\n",
       "      <td>0.329646</td>\n",
       "      <td>-0.497104</td>\n",
       "    </tr>\n",
       "    <tr>\n",
       "      <th>8</th>\n",
       "      <td>-0.376519</td>\n",
       "      <td>-1.133817</td>\n",
       "      <td>1.862864</td>\n",
       "      <td>-0.925874</td>\n",
       "      <td>0.610478</td>\n",
       "      <td>0.386030</td>\n",
       "    </tr>\n",
       "    <tr>\n",
       "      <th>9</th>\n",
       "      <td>-0.758872</td>\n",
       "      <td>0.740122</td>\n",
       "      <td>-2.018168</td>\n",
       "      <td>0.605965</td>\n",
       "      <td>0.528813</td>\n",
       "      <td>-0.589001</td>\n",
       "    </tr>\n",
       "  </tbody>\n",
       "</table>\n",
       "</div>"
      ],
      "text/plain": [
       "          0         1         2         3         4         6\n",
       "0  2.154846  1.025984  0.000366 -1.136645 -0.156598 -0.031579\n",
       "1 -0.741790  1.035125  0.681209  0.230336 -0.031160  1.939932\n",
       "2  0.302665  0.190794  0.955057 -0.933237  1.978757  2.605967\n",
       "3  0.184502 -1.159119 -1.706086  1.693723 -0.134841  0.390528\n",
       "4  0.196800  1.901755 -0.116773  0.484752  0.238127  1.996652\n",
       "5  1.024810 -0.346419 -0.755325 -0.610259  0.147027 -0.479448\n",
       "6 -0.848077  0.907969  0.628133  2.706850  0.503826  0.651118\n",
       "7 -0.943406  0.638787  0.072960  0.807706  0.329646 -0.497104\n",
       "8 -0.376519 -1.133817  1.862864 -0.925874  0.610478  0.386030\n",
       "9 -0.758872  0.740122 -2.018168  0.605965  0.528813 -0.589001"
      ]
     },
     "execution_count": 39,
     "metadata": {},
     "output_type": "execute_result"
    }
   ],
   "source": [
    "iterative_remove_VIF(numeric_indpendent_variables)"
   ]
  },
  {
   "cell_type": "code",
   "execution_count": null,
   "id": "e1c2be87",
   "metadata": {},
   "outputs": [],
   "source": []
  }
 ],
 "metadata": {
  "kernelspec": {
   "display_name": "Python 3 (ipykernel)",
   "language": "python",
   "name": "python3"
  },
  "language_info": {
   "codemirror_mode": {
    "name": "ipython",
    "version": 3
   },
   "file_extension": ".py",
   "mimetype": "text/x-python",
   "name": "python",
   "nbconvert_exporter": "python",
   "pygments_lexer": "ipython3",
   "version": "3.9.13"
  }
 },
 "nbformat": 4,
 "nbformat_minor": 5
}
